
 54

((((((((((((((((((Symphyotrichum_moranense: 0.024440, ((Symphyotrichum_bimater: 0.018554, Symphyotrichum_purpurascens: 0.019778): 0.001131, Symphyotrichum_chihuahuense: 0.029355): 0.003499): 0.007501, (Symphyotrichum_falcatum: 0.013563, Symphyotrichum_ericoides: 0.020883): 0.003605): 0.001483, (Symphyotrichum_novae-angliae: 0.020184, Symphyotrichum_amethystinum: 0.025027): 0.007007): 0.002211, (((Symphyotrichum_walteri: 0.041725, Symphyotrichum_adnatum: 0.014916): 0.003270, Symphyotrichum_grandiflorum: 0.029585): 0.002926, ((Symphyotrichum_pratense: 0.020362, Symphyotrichum_sericeum: 0.024171): 0.004406, Symphyotrichum_concolor: 0.024940): 0.002663): 0.001289): 0.002650, (((Symphyotrichum_patens: 0.018571, Symphyotrichum_phlogifolium: 0.017763): 0.002691, Symphyotrichum_oblongifolium: 0.027204): 0.002634, Symphyotrichum_fendleri: 0.017907): 0.001441): 0.002474, Symphyotrichum_yukonense: 0.017961): 0.002142, Symphyotrichum_defoliatum: 0.021350): 0.002164, (((((((Symphyotrichum_expansum: 0.010257, Symphyotrichum_subulatum: 0.019895): 0.004818, Symphyotrichum_squamatum: 0.021050): 0.006585, (Symphyotrichum_potosinum: 0.023903, Symphyotrichum_tenuifolium: 0.027764): 0.003748): 0.004167, ((Symphyotrichum_praealtum: 0.021745, Symphyotrichum_bullatum: 0.018356): 0.001207, (Symphyotrichum_fontinale: 0.037992, Symphyotrichum_elliotii: 0.021024): 0.003948): 0.004405): 0.001111, (Symphyotrichum_frondosum: 0.007936, Symphyotrichum_ciliatum: 0.010615): 0.008926): 0.001152, Symphyotrichum_chapmanii: 0.035771): 0.003253, Symphyotrichum_adscendens: 0.019334): 0.002893): 0.004396, Sanrobertia_gypsophila: 0.020805): 0.002220, Canadanthus_modestus: 0.034393): 0.002878, Xanthisma_gracile: 0.039997): 0.001637, ((Eurybia_macrophylla: 0.018559, Eurybia_hemispherica: 0.033154): 0.003641, Oreostemma_alpigenum: 0.039404): 0.001275): 0.003232, ((Pityopsis_graminifolia: 0.025264, Heterotheca_latifolia: 0.030353): 0.005564, Chrysopsis_mariana: 0.029452): 0.011007): 0.002632, ((((Solidago_discoidea: 0.015380, Solidago_ptarmicoides: 0.014358): 0.003569, Acamptopappus_sphaerocephalus: 0.026963): 0.006941, (Sericocarpus_tortifolius: 0.036740, Sericocarpus_asteroides: 0.034791): 0.010982): 0.003914, (Bigelowia_nudata: 0.042768, Euthamia_graminifolia: 0.025981): 0.014196): 0.001228): 0.000893, Boltonia_diffusa: 0.048809): 0.001780, Erigeron_philadelphicus: 0.060857): 0.001302, Ionactis_linariifolius: 0.036447): 0.013179, Oclemena_reticulata: 0.030481, Doellingeria_sericocarpoides: 0.015674);

  0.013179  0.001302  0.001780  0.000893  0.002632  0.003232  0.001637  0.002878  0.002220  0.004396  0.002164  0.002142  0.002474  0.002650  0.002211  0.001483  0.007501  0.024440  0.003499  0.001131  0.018554  0.019778  0.029355  0.003605  0.013563  0.020883  0.007007  0.020184  0.025027  0.001289  0.002926  0.003270  0.041725  0.014916  0.029585  0.002663  0.004406  0.020362  0.024171  0.024940  0.001441  0.002634  0.002691  0.018571  0.017763  0.027204  0.017907  0.017961  0.021350  0.002893  0.003253  0.001152  0.001111  0.004167  0.006585  0.004818  0.010257  0.019895  0.021050  0.003748  0.023903  0.027764  0.004405  0.001207  0.021745  0.018356  0.003948  0.037992  0.021024  0.008926  0.007936  0.010615  0.035771  0.019334  0.020805  0.034393  0.039997  0.001275  0.003641  0.018559  0.033154  0.039404  0.011007  0.005564  0.025264  0.030353  0.029452  0.001228  0.003914  0.006941  0.003569  0.015380  0.014358  0.026963  0.010982  0.036740  0.034791  0.014196  0.042768  0.025981  0.048809  0.060857  0.036447  0.030481  0.015674

  0.000000 -2.094203 -1.802103 -5.257280 -1.264144 -0.826207 -2.191132 -0.949255 -1.449355 -0.503610 -1.602481 -1.770958 -1.137474 -1.131759 -1.413939 -2.937169 -0.136925  0.007102 -0.355569 -1.642799  0.000000 -0.009133 -0.014702 -0.555336  0.005169  0.011688 -0.123409 -0.041936  0.009370 -2.608996 -0.544976 -0.377117 -0.014528 -0.048176  0.000000 -0.822902 -0.258757 -0.025386  0.020176  0.000000 -2.612379 -1.049340 -0.736383 -0.058004 -0.031455  0.015867 -0.073195 -0.038883 -0.034195 -1.052841 -0.711892 -3.438439 -5.093624 -0.366056 -0.132424 -0.295436 -0.085849 -0.057072  0.000000 -0.363889 -0.011086 -0.019539 -0.365969 -2.383927 -0.039309 -0.052300 -0.245250  0.005327 -0.027649 -0.170193 -0.188552 -0.115769  0.000000 -0.005710 -0.007983 -0.009285  0.000000 -1.842833 -0.260694  0.045718 -0.023663  0.000000 -0.045196 -0.184944 -0.023561 -0.048584 -0.018376 -3.253886 -0.518058 -0.143360 -0.554486 -0.051880 -0.034143  0.012469 -0.040879  0.014036 -0.010688 -0.026114  0.037400 -0.016736  0.000000 -0.018381 -0.024992 -0.026548 -0.008596


Hessian

 -4.863e+06 -1.622e+06 -7.925e+05 -6.716e+05 -8.309e+04  2.041e+04       2022 -5.481e+04 -1.102e+05  7.349e+04  1.162e+05  2.041e+05  5.069e+04 -4.679e+05 -1.312e+04  9.479e+04       9445   6.09e+04    1.2e+05  1.816e+05   8.69e+04  7.109e+04  2.164e+04  9.854e+04  1.597e+04  1.633e+04  8.111e+04 -2.698e+04  7.223e+04 -7.637e+04  1.042e+05 -1.247e+05   5.87e+04       7197  4.686e+04  3.566e+04   1.54e+05  9.783e+04   3.58e+04  6.805e+04  1.705e+05   1.07e+05       3830 -1.149e+04  2.787e+04       3217  1.273e+05  1.174e+05     -944.5  8.857e+04   1.41e+05  3.527e+04 -5.446e+04  9.036e+04  1.011e+05  8.017e+04  7.384e+04  7.486e+04  6.279e+04  -4.86e+04  4.305e+04       4565 -1.202e+05  8.297e+04 -5.596e+04  1.077e+05  6.867e+04  3.838e+04   6.05e+04  9.561e+04  5.144e+04 -1.388e+04   7.65e+04 -1.024e+05  3.569e+04  3.487e+04  2.492e+04 -2.644e+04   1.66e+04       2262      -9863       4998 -7.707e+04       7928  1.452e+04  1.321e+04 -2.816e+04 -6.325e+05 -3.891e+05 -1.148e+05 -8.182e+04  3.114e+04 -2.388e+04 -1.157e+04  -7.85e+04 -1.685e+04 -2.068e+04 -3.292e+05  3.901e+04  1.418e+04 -3.878e+04  1.559e+04  4.371e+04 -1.792e+05 -8.202e+05
 -1.622e+06  -2.95e+07 -4.664e+06  -2.56e+06 -9.252e+05 -9.629e+04 -4.719e+05 -2.354e+04 -2.568e+05 -4.062e+05  7.827e+04  1.634e+05  6.801e+04 -3.432e+04 -3.466e+04  8.607e+04 -1.582e+05  3.101e+04  1.991e+04  1.088e+05   1.49e+05 -3.188e+04 -2.005e+04   1.25e+04  5.752e+04  6.817e+04 -1.322e+05       5818  5.568e+04  4.856e+04  7.174e+04 -2.943e+05  7.841e+04  2.595e+04  5.148e+04   1.92e+05 -2.347e+05  7.318e+04   8.74e+04  1.406e+05  3.034e+04   8.88e+04 -2.635e+05 -5.779e+04  6.013e+04  6.907e+04 -1.109e+05  4.463e+04      -8046 -2.104e+05 -1.705e+04 -4.536e+04 -8.859e+05   9.13e+04  3.058e+04  6.797e+04  2.865e+04  1.682e+04  9.813e+04 -2.966e+05 -4.784e+04    2.3e+04 -2.352e+04  2.468e+05   1.53e+04      -6278      -5784  2.223e+04  9.548e+04  1.751e+05 -3.993e+05  1.826e+04  7.628e+04  1.005e+05  6.241e+04  -8.15e+04      -7518  9.884e+04  1.181e+05 -2.879e+04 -5.137e+04 -1.237e+04 -1.622e+05  -2.78e+05 -2.311e+04  1.714e+04 -1.581e+04 -8.942e+05 -1.037e+06 -4.394e+05 -2.105e+05  3.859e+04 -1.674e+05 -3.885e+04  -1.81e+05 -7.516e+04 -3.455e+04 -3.203e+05 -6.067e+04 -1.896e+04 -2.658e+04 -5.553e+04 -4.894e+05  -8.04e+04 -3.783e+05
 -7.925e+05 -4.664e+06  -3.12e+07 -5.491e+06 -8.187e+05 -5.731e+05 -2.105e+05 -2.787e+05 -3.257e+05 -4.927e+04  2.834e+05  3.149e+05 -3.708e+05  2.018e+05  1.174e+05  1.215e+05 -9.062e+05  1.431e+05  1.735e+05  2.098e+05  1.801e+05  4.177e+04   3.07e+04  1.873e+05 -9.391e+04 -1.095e+05  1.735e+05 -1.938e+05 -3.015e+05 -8.778e+04  1.345e+05      -3090  4.471e+04       3285   9.93e+04  2.965e+05 -1.537e+05 -1.569e+05  1.284e+05  1.971e+05  2.495e+05  2.095e+04  1.548e+05  6.637e+04  2.104e+05  1.571e+05  2.651e+04  1.027e+04  1.291e+05 -9.111e+04   5.91e+04  1.022e+05 -8.062e+04  1.255e+04 -6.619e+04  7.809e+04  2.737e+04  1.433e+04   5.93e+04 -2.341e+06  1.348e+04 -2.283e+04  2.283e+05  3.052e+05 -4.085e+04   1.62e+05  1.337e+05  8.974e+04  1.363e+05   1.84e+05 -7.671e+04  8.638e+04  1.187e+05   1.91e+05 -2.867e+04        851 -1.146e+05 -4.618e+04 -7.645e+04  1.907e+04 -1.046e+04      -6326 -2.542e+05  5.388e+04  1.396e+04 -6.058e+04  6.792e+04 -8.897e+05 -5.139e+05 -5.319e+05  -5.22e+05   4.83e+04 -2.664e+05  -1.38e+05 -3.244e+04 -5.254e+04  2.475e+04 -4.971e+05 -2.026e+05   -6.6e+04       9581 -1.709e+05 -1.605e+05 -1.945e+04 -2.101e+05
 -6.716e+05  -2.56e+06 -5.491e+06 -5.143e+07 -2.554e+06 -1.168e+06 -5.303e+05 -2.742e+05 -1.413e+06 -2.451e+05  7.778e+04  2.227e+05 -1.475e+05       7278  2.043e+05  3.183e+04 -3.383e+05  8.035e+04  2.043e+05   2.38e+05 -7.822e+04  1.101e+05 -3.339e+04 -9.078e+05  -2.02e+05  7.707e+04  1.734e+05  4.063e+04   1.39e+05 -1.313e+05 -2.869e+05 -3.792e+05 -3.242e+04 -1.202e+05  1.249e+05  2.288e+05  1.878e+05 -1.057e+05  8.152e+04  1.796e+05 -2.504e+05 -1.582e+05 -1.821e+05 -1.246e+05  -4.88e+04 -1.786e+04 -7.372e+04 -3.224e+05  1.736e+05 -2.219e+05 -1.665e+05 -1.423e+06 -2.796e+04 -8.795e+05 -1.397e+05  9.618e+04 -1.105e+05 -9.311e+04   1.33e+05 -1.466e+05 -9.038e+04  4.432e+04  -9.29e+04  1.658e+05       4796 -2.414e+05 -1.733e+05      7e+04  1.479e+04 -4.566e+05 -3.883e+05 -9.756e+04  1.028e+05  4.035e+04 -2.412e+05 -5.085e+04 -2.339e+05  -4.36e+05 -4.671e+04 -4.379e+05 -1.068e+05 -7.871e+04 -6.801e+05 -2.361e+05  7.918e+04 -2.915e+04 -5.493e+04 -2.512e+06 -1.082e+06 -8.966e+05 -3.485e+05 -5.481e+05 -4.422e+04 -4.974e+04 -1.516e+05      -7746 -3.355e+04 -4.997e+05 -1.345e+04 -5.959e+04 -3.933e+05 -1.601e+05  -2.26e+05  1.184e+05 -1.366e+05
 -8.309e+04 -9.252e+05 -8.187e+05 -2.554e+06  -2.79e+07 -2.215e+06 -6.386e+05 -7.512e+05 -6.212e+05 -5.783e+05 -4.121e+05 -1.037e+06  8.655e+04 -6.365e+05 -3.801e+04 -5.763e+05 -6.657e+04  3.297e+04  7.359e+04  9.274e+04  1.256e+05  7.204e+04  7.675e+04 -1.357e+05  1.014e+05 -1.676e+04  7.676e+04 -2.159e+04  6.441e+04 -1.172e+06  2.917e+04       4573  7.339e+04  2.196e+04  1.363e+05 -2.012e+04  5.418e+04  3.218e+04  5.625e+04       5652 -8.774e+05 -1.657e+05  1.421e+05  4.692e+04 -1.413e+05  3.274e+04       9004 -1.118e+04       7966 -7.445e+05 -3.205e+05  1.375e+05  1.662e+05 -3.088e+05 -3.013e+05 -2.306e+04 -7.508e+04  5.388e+04 -1.249e+05  7.922e+04  1.201e+05  4.095e+04   1.19e+05  7.948e+04  3.648e+04 -2.898e+04  7.355e+04   2.88e+04  1.487e+05  8.422e+04 -1.073e+05  -5.85e+04  5.594e+04  3.821e+04 -1.435e+05 -1.134e+05 -1.171e+05 -2.947e+05 -3.781e+05 -1.496e+05 -2.199e+05 -1.211e+05 -2.842e+05 -1.814e+05  6.355e+04  5.384e+04 -5.654e+04 -2.597e+06 -8.987e+05 -5.642e+05 -1.093e+05 -1.902e+05 -3.367e+05   8.31e+04 -2.403e+05 -3.677e+04  1.566e+04 -3.572e+05  5.867e+04 -6.863e+04 -3.066e+05 -5.652e+04  -1.42e+05      -1821 -4.383e+04
  2.041e+04 -9.629e+04 -5.731e+05 -1.168e+06 -2.215e+06 -2.323e+07  -2.16e+06 -1.268e+06 -8.794e+05  -6.57e+05 -5.468e+05 -4.518e+05 -3.627e+05 -6.061e+05  -2.07e+05 -5.368e+04 -2.201e+05   1.06e+05  7.757e+04  1.321e+05  8.513e+04  5.033e+04  5.351e+04  3.165e+04 -1.245e+05  6.257e+04  7.008e+04  9.642e+04  1.136e+05 -1.942e+05 -1.668e+05 -1.885e+05  8.232e+04 -3.702e+04  1.552e+05  -1.21e+05       1816  5.433e+04  1.033e+05  6.683e+04 -2.638e+05  1.889e+04 -3.148e+05 -6.659e+04 -8.075e+04  6.411e+04 -6.707e+04   8.57e+04   9.48e+04 -1.851e+05 -2.728e+05 -8.606e+04 -1.782e+05 -4.613e+04 -4.698e+04 -4.037e+04      -7884 -1.967e+04  6.091e+04      -2579       6366  1.422e+05 -1.043e+04  1.041e+04  6.126e+04 -5.772e+04  -2.66e+05  4.918e+04  3.571e+04 -4.107e+04 -2.518e+05 -8.468e+04  5.932e+04  1.097e+05  -1.91e+05 -9.923e+04 -1.247e+05 -1.222e+06 -5.841e+05 -2.231e+05 -5.315e+04  -2.14e+05 -2.371e+05 -1.223e+05  7.333e+04 -2.717e+04      135.6 -6.315e+05 -8.116e+05 -5.471e+05 -3.747e+05 -8.303e+04  5.454e+04  4.373e+04 -1.219e+05 -1.837e+04  3.725e+04 -3.679e+05  8.525e+04 -9.946e+04 -1.435e+05 -2.293e+04 -2.799e+04  1.149e+05  1.231e+05
       2022 -4.719e+05 -2.105e+05 -5.303e+05 -6.386e+05  -2.16e+06 -3.532e+07 -4.398e+06 -2.834e+06 -1.004e+06 -2.214e+05 -6.942e+05 -2.858e+05 -5.401e+05 -2.584e+06  -5.23e+05 -3.929e+05  6.796e+04 -9.444e+05 -4.968e+04   1.54e+05 -9.422e+04  7.068e+04 -1.364e+05  4.847e+04 -1.802e+05  1.216e+04  1.319e+05 -2.344e+04 -4.541e+05 -2.222e+05  5.146e+04  1.078e+05 -3.603e+05      -9145 -4.944e+05 -3.254e+05   -1.1e+05  8.777e+04  3.825e+04   -1.3e+06 -1.036e+04 -1.451e+05 -1.789e+05 -2.202e+04       3426 -6.189e+05 -3.405e+05 -1.388e+05 -3.177e+05 -1.392e+06 -1.414e+06 -2.803e+05  7.773e+04 -1.451e+05 -3.589e+05 -1.508e+05  -2.36e+04 -2.803e+05  1.877e+05 -1.371e+05  4.445e+04 -4.114e+04 -2.078e+05  5.422e+04 -3.108e+05 -7.749e+05 -1.941e+04 -3.294e+04 -1.855e+05 -7.615e+05   2.65e+04 -2.835e+04 -6.298e+04 -3.514e+05 -9.531e+04 -2.828e+05 -8.232e+05 -4.378e+05 -5.483e+05 -9.963e+04 -7.947e+04 -2.358e+05 -7.102e+04  9.587e+04 -1.043e+05   3.92e+04 -9.885e+05 -4.708e+05 -4.942e+05 -6.012e+05 -8.646e+04 -6.978e+04 -1.101e+05 -1.184e+04 -7.092e+04  5.024e+04  -4.78e+05  3.225e+04 -6.812e+04  -1.44e+05 -1.643e+05 -1.487e+05  1.147e+05 -2.501e+04
 -5.481e+04 -2.354e+04 -2.787e+05 -2.742e+05 -7.512e+05 -1.268e+06 -4.398e+06 -2.339e+07  -3.53e+06 -1.394e+06 -5.507e+05 -1.928e+06 -5.479e+05 -1.315e+04 -3.535e+05 -9.305e+05 -8.713e+04  1.025e+05 -6.548e+04       1060  2.789e+04 -1.182e+04   9.02e+04 -2.893e+05 -7.147e+04  1.506e+04 -3.485e+04  1.082e+05  1.055e+05 -3.504e+05 -5.989e+04   1.67e+05  1.083e+05  9.169e+04       8545 -4.719e+05 -3.461e+05 -3.908e+04  1.488e+05      -5457 -1.262e+05 -1.635e+05  -5.03e+05 -1.867e+05 -1.404e+05 -5.159e+04 -1.357e+05 -3.238e+05   1.55e+04 -3.588e+05 -6.619e+05 -5.555e+05 -1.776e+05 -3.091e+05 -2.753e+05 -1.711e+05 -1.622e+05  1.237e+05  -1.99e+04  1.144e+05  2.802e+04  5.283e+04 -1.727e+05 -3.987e+05      -8748 -1.712e+05 -1.255e+05  5.829e+04  7.065e+04 -3.073e+05 -6.895e+05 -5.714e+04  1.283e+04 -1.011e+05  -1.43e+05 -8.314e+04 -5.982e+04 -6.321e+05 -4.736e+05 -2.502e+05      0.722 -1.431e+05 -2.057e+05  6.987e+04 -2.296e+04 -2.824e+04  3.028e+04 -5.071e+05 -3.006e+05 -3.468e+05 -5.405e+04      -9949 -2.081e+05  -1.19e+04  -3.95e+04  5.942e+04  6.097e+04 -3.373e+05  1.506e+04 -3.924e+04 -8.124e+04      937.5 -1.279e+04  7.655e+04  1.144e+05
 -1.102e+05 -2.568e+05 -3.257e+05 -1.413e+06 -6.212e+05 -8.794e+05 -2.834e+06  -3.53e+06  -3.03e+07 -1.406e+06 -5.163e+05 -6.441e+05 -8.895e+05 -5.629e+05  -1.31e+06 -6.304e+05 -1.577e+06   8.25e+04  7.003e+04 -6.872e+04  1.929e+04  9.624e+04      -3218  -7.65e+04  1.126e+05      -6846 -1.502e+05 -1.455e+05  4.941e+04 -6.608e+05 -1.622e+05 -4.335e+05 -2.634e+04  -2.62e+05 -3.786e+04  -7.22e+05 -4.468e+05       4838 -1.126e+04 -1.814e+05 -1.035e+06 -1.207e+05 -1.467e+06 -6.567e+04  -4.23e+04 -1.201e+05 -7.237e+05  -1.09e+05      -6398 -2.592e+05 -1.143e+06 -1.946e+05  -1.09e+06  -2.42e+05 -2.388e+05 -3.999e+05  1.028e+04  9.509e+04 -7.956e+04 -1.606e+05 -2.698e+05 -8.736e+04 -3.805e+05  2.262e+05 -1.732e+05  -2.88e+05 -9.958e+04 -4.084e+04 -2.054e+04 -5.816e+05 -9.029e+05  -3.89e+05 -1.722e+05       4979 -1.829e+05 -1.459e+05 -8.846e+04 -5.764e+05 -4.181e+05 -6.291e+05  1.347e+04       1056 -1.755e+04 -1.995e+05 -2.088e+04 -2.738e+05  5.605e+04  -5.54e+05  -1.45e+05 -2.955e+05  -3.68e+05 -5.053e+05  -3.49e+04 -1.446e+05 -1.946e+04 -5.595e+04       9130  -1.61e+05 -1.476e+04 -8.608e+04 -1.389e+04 -1.659e+05 -4.656e+04  3.647e+04   1.41e+05
  7.349e+04 -4.062e+05 -4.927e+04 -2.451e+05 -5.783e+05  -6.57e+05 -1.004e+06 -1.394e+06 -1.406e+06 -1.754e+07 -1.882e+06 -5.037e+05 -8.345e+05  -9.82e+05 -1.533e+06 -1.966e+06 -6.012e+05 -4.009e+04 -1.442e+05 -6.683e+05  4.407e+04  3.177e+04  7.512e+04 -8.184e+05 -2.057e+05 -9.032e+04 -1.655e+05 -9.641e+04 -6.193e+04 -1.405e+06  -6.83e+05 -1.595e+05  7.309e+04 -1.768e+05 -2.783e+04 -8.056e+05  -2.34e+05 -7.077e+04  6.914e+04 -1.043e+05 -1.309e+06 -1.066e+06  -3.32e+05 -1.558e+05 -1.676e+05 -1.237e+05 -5.069e+05 -4.392e+05 -1.495e+05 -9.743e+05 -5.919e+05 -1.389e+06 -1.307e+06  -1.06e+06  -4.96e+05 -3.832e+04 -2.153e+05 -3.151e+04  9.035e+04 -2.953e+05      -4742 -1.447e+05 -3.307e+05 -2.839e+05 -2.262e+05 -3.322e+05 -1.184e+05  1.942e+04 -4.541e+04 -6.367e+05 -6.319e+05 -1.043e+05 -6.616e+04 -1.157e+05 -2.904e+05 -1.362e+05 -4.917e+04 -2.504e+05       4760 -3.547e+04      -2484      -7069  2.924e+04 -5.236e+04  1.221e+05  1.286e+05  6.877e+04  -6.77e+05   2.07e+04 -1.941e+05 -2.793e+05  9.125e+04 -7.723e+04  7.411e+04  7.836e+04  8.122e+04  1.025e+05 -2.117e+04  4.977e+04  4.615e+04 -3.058e+04       6543  7.521e+04  7.843e+04   1.03e+05
  1.162e+05  7.827e+04  2.834e+05  7.778e+04 -4.121e+05 -5.468e+05 -2.214e+05 -5.507e+05 -5.163e+05 -1.882e+06 -3.136e+07 -3.886e+06 -1.789e+06 -8.488e+05 -7.167e+05 -1.265e+06 -3.157e+05 -4.455e+04 -4.657e+05 -4.261e+05 -2.955e+04 -7.951e+04   4.31e+04 -5.256e+05 -8.408e+04      -5555 -4.823e+05 -9.924e+04 -3.066e+04 -1.367e+06 -2.517e+05 -3.491e+05  3.447e+04 -2.926e+05 -1.866e+05 -2.224e+06 -1.782e+05 -5.627e+04  6.223e+04 -3.066e+05 -1.625e+06 -2.149e+06 -6.483e+05 -1.764e+05 -4.827e+05 -1.299e+05 -8.428e+05 -1.477e+05 -2.205e+05 -1.029e+06 -1.893e+06 -1.259e+06 -1.543e+06 -1.843e+06 -3.997e+05 -7.985e+04  -6.37e+04  6.151e+04  2.955e+04 -3.685e+05  3.832e+04 -8.612e+04   -1.8e+05 -5.178e+05       8904 -1.817e+05 -2.089e+04  1.037e+05  1.869e+04   -7.6e+05  1.606e+05  1.636e+05  7.702e+04 -7.669e+05 -1.251e+05 -1.199e+05  5.042e+04  1.719e+05  1.339e+05  2.008e+05  9.714e+04  3.244e+04 -9.694e+04  -1.03e+05  7.638e+04  4.776e+04  4.387e+04  1.674e+05 -7.509e+04 -3.154e+05 -1.219e+05  1.643e+05  1.392e+05  1.447e+05  1.595e+05  1.089e+05  1.138e+05  1.652e+05  6.729e+04  9.965e+04  7.617e+04   6.04e+04  1.002e+05  1.169e+05  1.623e+05
  2.041e+05  1.634e+05  3.149e+05  2.227e+05 -1.037e+06 -4.518e+05 -6.942e+05 -1.928e+06 -6.441e+05 -5.037e+05 -3.886e+06 -3.279e+07 -2.444e+06 -5.851e+05 -1.722e+06 -2.953e+06  -7.54e+05  -9.34e+04  -3.03e+05 -3.327e+05  -1.81e+05 -1.891e+05  6.182e+04 -5.545e+05 -2.976e+05 -3.245e+05 -3.938e+05 -2.452e+05 -1.854e+04 -1.441e+06 -4.763e+05 -1.009e+06 -1.177e+05 -6.068e+04 -5.583e+04 -1.333e+06       8496 -1.547e+05  5.403e+04 -5.678e+04 -8.868e+05 -8.029e+05 -2.232e+06 -7.497e+04 -7.564e+05 -1.559e+05 -1.012e+06 -2.056e+05 -2.568e+05 -1.144e+06  -1.29e+06 -1.274e+06 -8.694e+05 -1.715e+06  -4.38e+05  -2.55e+05 -3.586e+05 -4.511e+04 -1.776e+05 -1.821e+05 -1.044e+05  5.383e+04  3.318e+04  -3.23e+05 -3.898e+04 -5.055e+05 -7.979e+04  6.728e+04 -1.138e+05 -9.765e+05 -5.031e+05  1.733e+05  2.884e+04 -9.546e+05 -1.803e+05 -1.701e+05 -9.869e+04 -1.234e+05 -1.662e+05 -1.571e+05   8.94e+04  4.681e+04  1.275e+05  1.469e+05  1.178e+05  8.116e+04  9.725e+04 -5.481e+05  8.227e+04  -3.93e+04 -9.121e+04   2.04e+05 -5.778e+05  1.103e+05  2.935e+04  8.198e+04  3.969e+04  7.274e+04  1.082e+05  1.597e+04  4.097e+04  5.739e+04   6.12e+04  5.854e+04  1.092e+05
  5.069e+04  6.801e+04 -3.708e+05 -1.475e+05  8.655e+04 -3.627e+05 -2.858e+05 -5.479e+05 -8.895e+05 -8.345e+05 -1.789e+06 -2.444e+06 -2.724e+07 -2.439e+06  -1.03e+06 -1.473e+06  -6.12e+05  1.393e+04 -2.746e+05  -3.01e+05  -5.65e+04   3.14e+04  2.604e+04 -3.533e+05  -5.45e+05 -1.419e+04 -3.381e+05 -3.135e+05      -9960 -1.141e+06 -7.804e+05 -8.373e+05 -2.953e+05 -4.679e+05 -1.478e+05 -1.124e+06 -4.949e+05 -3.147e+05 -2.434e+04 -1.486e+05 -1.368e+06 -9.768e+05 -6.744e+05  -2.25e+05 -5.484e+05 -1.364e+05 -8.187e+05 -4.655e+05 -2.025e+05 -5.465e+05 -6.842e+05 -5.662e+05 -8.992e+05   -6.5e+05 -2.458e+05  -3.74e+05 -2.247e+05 -5.179e+04 -2.046e+05 -7.593e+04 -8.808e+04  -8.03e+04 -6.178e+05 -9.926e+05 -3.812e+05  5.794e+04 -1.793e+05  8.287e+04 -3.206e+05 -5.979e+05  -5.24e+04 -3.842e+04 -4.168e+04 -5.152e+05  -5.73e+04 -1.765e+05  7.459e+04  9.801e+04  -3.92e+04  4.747e+04  1.497e+05 -8.301e+04  1.485e+05  6.489e+04 -6.447e+04  8.111e+04  1.257e+05 -1.618e+06 -2.518e+05 -2.197e+05 -2.905e+05  5.608e+04  1.078e+05  -4.73e+04 -2.465e+05  -1.38e+05  3.826e+04  1.157e+05  8.115e+04  1.035e+05  2.737e+04 -1.125e+05  1.274e+05 -7.567e+04   1.13e+05
 -4.679e+05 -3.432e+04  2.018e+05       7278 -6.365e+05 -6.061e+05 -5.401e+05 -1.315e+04 -5.629e+05  -9.82e+05 -8.488e+05 -5.851e+05 -2.439e+06 -2.657e+07 -1.366e+06 -6.374e+05 -6.005e+05  1.129e+04  -2.19e+05 -5.967e+05  2.651e+04 -1.249e+05       3292 -1.299e+06 -2.286e+06 -2.898e+05 -4.122e+05 -8.082e+05 -3.635e+04 -3.376e+06 -7.911e+05 -5.162e+05   -1.6e+04 -1.761e+06 -4.571e+04 -4.243e+05 -6.999e+05 -5.513e+05 -5.289e+04 -2.815e+05 -2.413e+06 -6.758e+05 -7.488e+05 -5.442e+05 -2.865e+05 -1.187e+06 -5.562e+05 -2.255e+05 -7.392e+05 -1.415e+06 -3.209e+05 -4.064e+05 -2.252e+06 -5.697e+05 -2.205e+05 -7.828e+04 -5.637e+05 -3.003e+05  -1.51e+05 -3.955e+05  1.985e+04 -6.738e+05 -3.331e+06 -9.282e+05 -1.235e+04 -3.775e+05 -1.578e+06 -2.855e+04 -3.506e+05 -3.881e+05 -1.762e+05 -2.068e+05 -3.073e+05 -1.522e+06 -8.262e+04 -2.526e+05 -1.287e+05 -1.602e+05  3.609e+04  8.201e+04 -1.232e+05 -2.693e+05  6.558e+04 -2.724e+05   1.63e+05  1.172e+05 -1.715e+05 -8.471e+05 -2.564e+05 -8.093e+04  -4.39e+04 -1.039e+05  8.148e+04  1.571e+05 -2.339e+05 -1.156e+05  5.896e+04  9.278e+04 -6.463e+04 -4.329e+04 -2.498e+05    8.4e+04  1.716e+04 -5.823e+04 -7.449e+05
 -1.312e+04 -3.466e+04  1.174e+05  2.043e+05 -3.801e+04  -2.07e+05 -2.584e+06 -3.535e+05  -1.31e+06 -1.533e+06 -7.167e+05 -1.722e+06  -1.03e+06 -1.366e+06 -2.817e+07 -5.933e+06 -6.301e+05 -8.722e+04 -5.783e+05 -1.347e+05 -1.148e+05 -8.112e+05   3.25e+04 -1.506e+06 -1.094e+06 -5.226e+05 -7.176e+05 -3.441e+05 -1.023e+05 -2.203e+06 -5.218e+05 -5.862e+05 -7.789e+04 -4.038e+05 -3.439e+04 -4.693e+05 -7.107e+05  -5.75e+04  9.072e+04 -4.951e+05   -6.4e+05 -1.123e+06  -1.57e+06 -1.838e+05      -6027  -4.23e+05 -1.135e+06 -4.986e+05 -1.066e+06 -1.022e+06 -2.491e+06 -2.947e+06 -9.282e+05 -4.004e+05 -2.912e+05 -5.037e+05  5.396e+04  3.928e+04 -8.023e+05 -5.467e+05  1.063e+05  3.008e+04 -6.562e+05 -3.485e+05 -4.168e+05 -7.441e+05 -6.906e+05      -5774 -9.179e+05 -3.675e+05 -4.065e+05  1.754e+05 -9.022e+04 -8.603e+05  5.971e+04       1251  2.931e+04 -4.442e+05 -3.535e+05 -1.937e+05 -2.795e+04       2578 -4.371e+05 -6.015e+05  1.811e+04 -2.617e+04 -3.382e+04 -7.026e+05 -1.408e+05 -7.632e+05 -9.095e+05   2.68e+05  1.766e+05  1.158e+05 -9.999e+04   3.19e+04  8.419e+04 -2.057e+05      -9779    7.3e+04  2.888e+04 -4.402e+04  4.118e+04  -1.89e+05 -1.882e+05
  9.479e+04  8.607e+04  1.215e+05  3.183e+04 -5.763e+05 -5.368e+04  -5.23e+05 -9.305e+05 -6.304e+05 -1.966e+06 -1.265e+06 -2.953e+06 -1.473e+06 -6.374e+05 -5.933e+06 -3.705e+07 -7.166e+05 -1.837e+05 -6.244e+05 -2.835e+05 -1.579e+05 -1.293e+05  3.962e+04 -2.878e+06 -4.553e+05 -3.732e+05 -3.702e+05 -2.272e+05 -1.674e+05  -1.57e+06 -7.345e+05 -2.865e+05  5.368e+04 -3.436e+05 -4.097e+04 -9.783e+05 -3.437e+05 -2.422e+05  4.033e+04 -1.198e+05  -1.13e+06 -1.117e+06 -4.542e+05 -2.069e+05 -2.742e+05 -4.779e+05 -5.087e+05 -9.913e+05 -5.931e+05 -6.002e+05 -6.729e+05 -1.059e+06       6166 -4.415e+05 -3.666e+05  -4.14e+05 -7.001e+04 -2.257e+04 -7.122e+04 -1.064e+04  1.299e+05  6.151e+04 -3.746e+05  -2.76e+05 -1.194e+05 -4.463e+05 -9.741e+04  9.636e+04  -9.15e+04 -3.264e+04 -7.307e+05   1.45e+04  4.723e+04 -6.084e+05 -1.484e+05   4.81e+04      -1812 -4.545e+04  6.153e+04  3.327e+04  1.179e+05  4.243e+04  5.259e+04 -1.462e+05  5.442e+04  5.089e+04  6.104e+04 -2.314e+05 -2.355e+05 -1.931e+05 -1.101e+05  1.694e+05  -1.86e+05   1.79e+05  6.238e+04  1.339e+05  1.215e+05  2.114e+04  1.144e+05  9.074e+04 -2.669e+04  3.982e+04  1.306e+05  1.362e+05  1.499e+05
       9445 -1.582e+05 -9.062e+05 -3.383e+05 -6.657e+04 -2.201e+05 -3.929e+05 -8.713e+04 -1.577e+06 -6.012e+05 -3.157e+05  -7.54e+05  -6.12e+05 -6.005e+05 -6.301e+05 -7.166e+05  -8.19e+06  -3.05e+05 -1.417e+06 -1.046e+06 -4.312e+05 -2.271e+05 -8.765e+04 -4.787e+05  -2.87e+04 -7.411e+04 -2.547e+05 -4.396e+05 -2.915e+05 -1.167e+06 -1.091e+06 -3.795e+05 -5.543e+04 -2.247e+05 -1.158e+05 -6.591e+05 -4.324e+05 -1.425e+05 -2.993e+05   -2.3e+05 -4.369e+05 -2.547e+05 -6.738e+05 -3.971e+05  1.305e+04 -8.086e+04 -4.891e+05 -2.949e+05 -1.326e+05 -1.335e+05 -1.627e+05   2.41e+04 -9.373e+05 -2.472e+04  4.156e+04 -1.248e+04  6.903e+04 -6.895e+04  5.473e+04 -7.736e+05  -2.84e+05 -1.087e+05 -2.439e+05  9.585e+04 -1.422e+05 -1.628e+05 -3.887e+05 -1.466e+05  1.212e+04  -1.92e+05 -3.878e+05  9.332e+04 -2.289e+05  -8.23e+04       4982 -1.715e+05       4008      -9402  7.656e+04 -1.176e+05 -1.727e+05 -1.173e+05  7.442e+04 -5.467e+04  5.753e+04 -4.898e+04 -1.491e+05 -1.076e+06 -3.141e+04  1.016e+05   7.31e+04 -2.581e+05 -1.692e+05 -2.308e+04  -4.23e+04 -3.485e+04  6.094e+04  9.092e+04      -4496 -3.337e+04   7.71e+04 -4.323e+04 -1.395e+04   7.09e+04  1.069e+05
   6.09e+04  3.101e+04  1.431e+05  8.035e+04  3.297e+04   1.06e+05  6.796e+04  1.025e+05   8.25e+04 -4.009e+04 -4.455e+04  -9.34e+04  1.393e+04  1.129e+04 -8.722e+04 -1.837e+05  -3.05e+05 -2.548e+06 -9.799e+04 -6.467e+04  -7.58e+04      -8406  -6.67e+04 -7.851e+04 -5.216e+04 -5.977e+04 -2.567e+05 -7.795e+04 -1.683e+05 -1.494e+05 -1.725e+05 -1.214e+05 -2.712e+04 -9.755e+04 -1.073e+05 -1.133e+05 -2.144e+05 -4.381e+04 -7.119e+04  2.528e+04  2.083e+04  7.758e+04 -8.668e+04  4.885e+04  5.143e+04 -2.178e+04 -3.944e+04       1975 -1.162e+04  1.711e+04  6.931e+04      -8276 -3.109e+04 -2.355e+04  6.507e+04  7.529e+04  5.689e+04 -1.387e+04      531.6      -7984  1.636e+04  1.471e+04 -1.033e+05 -4.142e+05  1.576e+04 -6.216e+04 -3.809e+04       4461       7873  4.108e+04       8556  4.975e+04 -8.548e+04 -1.014e+05   -1.9e+04      -7117  2.621e+04  1.675e+04  7.535e+04  3.966e+04 -2.917e+04 -1.532e+04       8862  -3.48e+04  4.258e+04  2.472e+04  1.978e+04  2.014e+05    9.2e+04  9.956e+04  1.957e+04  7.904e+04      819.3  1.743e+04 -4.177e+04  2.808e+04  1.342e+04  9.019e+04  1.176e+04   6.35e+04  4.915e+04  4.512e+04       9503       9641  4.465e+04
    1.2e+05  1.991e+04  1.735e+05  2.043e+05  7.359e+04  7.757e+04 -9.444e+05 -6.548e+04  7.003e+04 -1.442e+05 -4.657e+05  -3.03e+05 -2.746e+05  -2.19e+05 -5.783e+05 -6.244e+05 -1.417e+06 -9.799e+04  -1.28e+07 -3.356e+06  -5.78e+05 -4.808e+05 -2.143e+05  -1.59e+05 -1.415e+05 -1.687e+05  -3.05e+05 -1.501e+04 -2.696e+05 -5.458e+05 -6.143e+05 -3.762e+05 -4.791e+04 -1.309e+05 -1.412e+05 -1.123e+05  -6.72e+05 -7.173e+04 -1.097e+05 -2.143e+05 -3.715e+05 -3.259e+05  -3.09e+05 -2.942e+05       1689 -1.344e+05  -1.39e+05 -3.999e+05 -6.162e+04  9.761e+04 -1.594e+05 -2.763e+05 -3.712e+05  1.081e+05   7.62e+04  8.201e+04  8.646e+04 -9.373e+04 -3.859e+04  7.594e+04 -3.337e+04   4.07e+04 -2.058e+05 -2.287e+05 -2.224e+05 -3.671e+04 -4.859e+05 -2.166e+04 -7.735e+04 -5.606e+04  2.584e+04  1.016e+05 -1.637e+05 -2.712e+05  8.075e+04      -1386  8.718e+04  7.117e+04  1.151e+05       5857 -1.749e+05       8236  1.038e+05  6.133e+04  4.976e+04  1.411e+04 -6.938e+04  1.845e+05  1.537e+05  2.107e+05    4.6e+04  1.441e+04 -8.155e+04  2.757e+04 -3.265e+04  1.537e+04  5.693e+04 -1.341e+05  5.723e+04 -1.152e+04  1.374e+05  6.383e+04 -9.681e+04  1.894e+04  1.051e+05
  1.816e+05  1.088e+05  2.098e+05   2.38e+05  9.274e+04  1.321e+05 -4.968e+04       1060 -6.872e+04 -6.683e+05 -4.261e+05 -3.327e+05  -3.01e+05 -5.967e+05 -1.347e+05 -2.835e+05 -1.046e+06 -6.467e+04 -3.356e+06 -2.227e+07 -1.145e+06 -9.666e+05 -1.688e+05 -6.081e+04 -4.823e+05 -1.883e+05 -3.415e+04 -1.169e+05  -1.89e+05 -5.363e+04 -5.917e+05  3.192e+04 -7.748e+04   2.57e+04 -1.365e+05 -3.968e+05 -1.439e+05 -7.719e+04 -2.396e+05 -1.223e+05 -1.722e+04  1.353e+04 -2.977e+04 -3.547e+05  5.283e+04 -1.334e+05 -2.796e+05  -2.58e+05 -7.872e+04 -5.489e+05  5.269e+04      -4456 -8.194e+05 -2.347e+04 -9.065e+04  1.672e+05  2.161e+04 -2.513e+05  5.361e+04       9393 -1.549e+05 -2.387e+05 -4.656e+04 -2.268e+05 -2.435e+05 -5.287e+04   2.07e+04 -4.774e+04  1.809e+04 -1.584e+05 -1.954e+05 -6.258e+04 -8.739e+04 -1.503e+05  6.266e+04 -7.301e+04  5.919e+04   3.76e+04  1.189e+05  9.135e+04 -1.902e+05      -4358  1.268e+05  1.614e+05  -6.28e+04  3.204e+04 -2.313e+04  1.275e+05  4.892e+04  4.592e+04  1.893e+05 -3.622e+04 -3.981e+04 -1.412e+05  5.152e+04      -8822  9.558e+04 -4.416e+04  1.251e+04      -5098  9.768e+04  8.043e+04  3.881e+04  2.425e+04  2.977e+04
   8.69e+04   1.49e+05  1.801e+05 -7.822e+04  1.256e+05  8.513e+04   1.54e+05  2.789e+04  1.929e+04  4.407e+04 -2.955e+04  -1.81e+05  -5.65e+04  2.651e+04 -1.148e+05 -1.579e+05 -4.312e+05  -7.58e+04  -5.78e+05 -1.145e+06 -3.535e+06 -5.576e+04 -8.536e+04 -2.026e+05       1851 -1.134e+05 -5.916e+04 -9.089e+04 -1.666e+05 -2.242e+05  -2.83e+05  -1.85e+05 -2.524e+04 -3.776e+04 -8.215e+04 -6.874e+04  8.664e+04       6443 -1.639e+05 -3.113e+04 -1.043e+05 -5.215e+04   2.21e+04 -1.362e+05  6.304e+04 -7.982e+04 -3.203e+04 -8.134e+04  2.601e+04  1.283e+05  9.598e+04  6.692e+04       4496  8.786e+04      -9441  3.705e+04  5.007e+04 -1.292e+04  6.017e+04 -1.088e+05 -2.315e+04  3.947e+04 -1.357e+05  8.773e+04      -8294 -7.047e+04 -3.333e+04 -3.273e+04 -1.182e+04  1.136e+04 -4.359e+04      -3225 -4.439e+04  2.156e+04  6.794e+04 -1.046e+04  5.722e+04 -2.696e+04  2.887e+04  5.914e+04 -3.642e+04       3440  9.474e+04  6.588e+04  3.869e+04  8.023e+04 -6.415e+04  1.959e+05  1.387e+05  9.767e+04   3.73e+04  4.987e+04      883.7    3.1e+04  1.106e+04   3.33e+04  1.618e+04  4.272e+04  6.333e+04  1.344e+04   7.35e+04    8.5e+04  4.145e+04 -1.471e+04  7.185e+04
  7.109e+04 -3.188e+04  4.177e+04  1.101e+05  7.204e+04  5.033e+04 -9.422e+04 -1.182e+04  9.624e+04  3.177e+04 -7.951e+04 -1.891e+05   3.14e+04 -1.249e+05 -8.112e+05 -1.293e+05 -2.271e+05      -8406 -4.808e+05 -9.666e+05 -5.576e+04 -3.198e+06 -7.813e+04       5810       1619  1.867e+04  2.737e+04  2.089e+04  1.936e+04 -1.289e+05      -5379 -1.011e+05 -7.184e+04  4.211e+04  -2.16e+04      -8652   5.92e+04  1.937e+04 -2.166e+05 -7.816e+04 -1.238e+04 -8.835e+04 -8.644e+04 -6.767e+04 -1.217e+05 -6.584e+04      612.2       9672 -7.098e+04 -3.954e+05 -1.695e+05 -2.786e+05 -1.378e+04  1.516e+05 -7.706e+04   8.06e+04  -8.28e+04 -5.082e+04      824.2 -8.067e+04 -7.281e+04 -5.704e+04 -4.565e+04  7.644e+04  -7.04e+04 -1.664e+05 -1.203e+05 -3.228e+04 -1.056e+05  3.595e+04 -1.631e+04 -8.893e+04 -6.879e+04 -6.996e+04  4.259e+04 -6.321e+04   7.67e+04  5.396e+04  4.932e+04  2.449e+04 -1.011e+05      -3022   7.11e+04  6.069e+04  2.711e+04  3.286e+04 -1.407e+05  2.014e+04  1.208e+05  1.247e+04 -3.098e+04  6.142e+04 -1.236e+05 -6.194e+04 -1.131e+04 -2.194e+04  2.204e+04 -2.389e+04  6.258e+04 -3.132e+04  8.981e+04   6.07e+04  3.846e+04 -2.826e+04      -9922
  2.164e+04 -2.005e+04   3.07e+04 -3.339e+04  7.675e+04  5.351e+04  7.068e+04   9.02e+04      -3218  7.512e+04   4.31e+04  6.182e+04  2.604e+04       3292   3.25e+04  3.962e+04 -8.765e+04  -6.67e+04 -2.143e+05 -1.688e+05 -8.536e+04 -7.813e+04 -1.568e+06  4.703e+04  1.631e+04 -5.364e+04 -1.151e+04  1.299e+04 -1.108e+05 -1.717e+05 -6.466e+04 -1.848e+05   -3.3e+04       9797 -8.845e+04 -1.748e+04  2.288e+04       2083      -8409  4.158e+04  1.061e+05  5.624e+04  5.383e+04      -7333  8.387e+04  4.125e+04 -1.692e+04  3.914e+04  4.725e+04  6.513e+04  7.673e+04  9.298e+04       8629  6.782e+04  1.124e+05  9.657e+04      -9220 -3.015e+04  1.691e+04  3.801e+04       6822 -6.058e+04  1.834e+04  1.801e+04       1689 -2.676e+04      -2810   -1.9e+04 -1.304e+04   -1.9e+04  3.775e+04   6.75e+04 -1.344e+04  2.991e+04  6.858e+04      -4274  2.852e+04  2.732e+04  4.087e+04  1.167e+04 -3.535e+04 -3.387e+04  2.603e+04  2.796e+04  1.622e+04  1.691e+04 -2.045e+04  2.236e+04  2.102e+04  7.892e+04   4.86e+04       9961  1.606e+04  1.509e+04 -6.312e+04 -2.725e+04 -2.055e+04  2.446e+04  1.283e+04  1.591e+04  3.367e+04  5.127e+04      -7776 -1.378e+04 -4.038e+04
  9.854e+04   1.25e+04  1.873e+05 -9.078e+05 -1.357e+05  3.165e+04 -1.364e+05 -2.893e+05  -7.65e+04 -8.184e+05 -5.256e+05 -5.545e+05 -3.533e+05 -1.299e+06 -1.506e+06 -2.878e+06 -4.787e+05 -7.851e+04  -1.59e+05 -6.081e+04 -2.026e+05       5810  4.703e+04 -1.742e+07 -1.019e+06 -4.101e+05 -3.242e+05 -5.614e+04  -3.89e+05 -1.408e+06 -6.253e+05 -2.878e+05       3282 -2.149e+05       4364 -5.548e+05 -3.867e+05 -3.552e+05       1037 -1.731e+05 -1.159e+06 -1.293e+06 -6.889e+05  -3.48e+05 -2.895e+05 -3.628e+05 -3.312e+05 -3.981e+05 -6.425e+05 -9.806e+04 -4.554e+04 -6.239e+05 -2.887e+05 -5.308e+05 -3.366e+05 -3.298e+04 -3.955e+04       9974       8331 -4.111e+04      -3792       3999 -2.187e+05 -2.228e+05 -1.074e+05  -2.32e+05 -8.106e+04 -1.958e+04      -8171 -3.099e+05 -3.437e+05  4.164e+04 -2.538e+04 -7.696e+05 -1.107e+05 -2.668e+04   6.52e+04 -9.164e+04  1.627e+04 -1.231e+05      -3426       9973  1.481e+05 -3.848e+04  6.471e+04  3.069e+04 -2.878e+04 -1.643e+05 -7.669e+04  3.745e+04      -2853 -7.758e+04 -3.995e+04   1.37e+05  2.689e+04  4.414e+04  7.519e+04  1.307e+05  8.766e+04  7.583e+04  6.748e+04  4.534e+04  2.223e+04  6.273e+04  1.193e+05
  1.597e+04  5.752e+04 -9.391e+04  -2.02e+05  1.014e+05 -1.245e+05  4.847e+04 -7.147e+04  1.126e+05 -2.057e+05 -8.408e+04 -2.976e+05  -5.45e+05 -2.286e+06 -1.094e+06 -4.553e+05  -2.87e+04 -5.216e+04 -1.415e+05 -4.823e+05       1851       1619  1.631e+04 -1.019e+06  -6.26e+06      -2441 -5.337e+04 -1.079e+05     -1e+05 -1.042e+05 -4.488e+05 -2.612e+05       2379 -3.662e+05  4.079e+04 -3.331e+04 -1.284e+05 -1.505e+05      -7058  1.149e+04 -6.572e+05 -2.016e+05 -5.851e+05 -1.368e+05 -1.381e+05 -3.405e+05 -5.585e+05  -2.84e+05 -2.082e+05 -2.832e+05 -1.588e+04 -4.976e+04 -4.963e+05 -3.616e+05 -2.766e+05  -2.16e+04 -2.036e+05 -5.627e+04      -6506 -3.046e+05 -5.776e+04 -9.279e+04 -8.495e+05 -2.628e+05 -1.335e+05 -1.597e+05  -3.78e+05  4.119e+04 -2.126e+05 -3.029e+05 -6.978e+05 -1.647e+04  3.585e+04 -3.675e+05  -1.27e+05  -9.32e+04  2.436e+04   6.79e+04  5.035e+04 -1.391e+05  3.064e+04  1.448e+04      -5350  1.704e+04  3.186e+04  1.811e+04       2497 -3.671e+05 -4.328e+04 -1.343e+05 -2.562e+05  -1.75e+05 -1.139e+05       6601      -2545  3.164e+04  5.792e+04 -7.877e+04  3.172e+04 -4.661e+04 -5.481e+04 -3.119e+04       6914  5.761e+04  -1.32e+04
  1.633e+04  6.817e+04 -1.095e+05  7.707e+04 -1.676e+04  6.257e+04 -1.802e+05  1.506e+04      -6846 -9.032e+04      -5555 -3.245e+05 -1.419e+04 -2.898e+05 -5.226e+05 -3.732e+05 -7.411e+04 -5.977e+04 -1.687e+05 -1.883e+05 -1.134e+05  1.867e+04 -5.364e+04 -4.101e+05      -2441 -4.053e+06  -1.47e+05 -1.428e+05 -1.387e+05 -3.103e+05      -6617 -1.173e+05 -2.929e+04  -2.75e+05 -4.038e+04 -1.818e+05       5410 -6.179e+04  1.604e+04 -1.011e+05 -7.526e+05 -2.169e+05 -8.033e+04 -1.164e+05 -8.624e+04 -1.646e+05 -5.768e+04 -1.438e+05 -6.026e+04 -4.303e+04  3.203e+04 -4.773e+04  1.655e+04  1.107e+05  3.402e+04  1.775e+04 -1.795e+05 -1.353e+05 -1.936e+04  4.891e+04  4.275e+04  3.024e+04 -5.704e+04 -8.901e+04 -5.666e+04 -1.563e+05 -1.032e+05  3.787e+04 -1.049e+05  1.182e+05  2.058e+04 -1.575e+05 -1.036e+04  -1.84e+05  3.426e+04 -6.977e+04      -1624  -7.01e+04  -3.11e+04 -2.622e+04 -4.116e+04  1.009e+04  5.451e+04      -4541  5.813e+04  6.167e+04       1758 -6.309e+04  1.372e+05  7.624e+04  7.795e+04   1.05e+05 -8.247e+04       3607  1.221e+04  1.197e+04      -7593  6.058e+04  5.224e+04  2.618e+04  1.103e+04    5.3e+04      -7559 -2.685e+04 -6.254e+04
  8.111e+04 -1.322e+05  1.735e+05  1.734e+05  7.676e+04  7.008e+04  1.216e+04 -3.485e+04 -1.502e+05 -1.655e+05 -4.823e+05 -3.938e+05 -3.381e+05 -4.122e+05 -7.176e+05 -3.702e+05 -2.547e+05 -2.567e+05  -3.05e+05 -3.415e+04 -5.916e+04  2.737e+04 -1.151e+04 -3.242e+05 -5.337e+04  -1.47e+05 -7.536e+06 -9.732e+05 -2.659e+05  -5.02e+05 -7.673e+05 -5.236e+05 -1.168e+04 -3.331e+05 -1.619e+05 -7.605e+05 -2.551e+05 -1.909e+04 -1.856e+05 -1.401e+05 -6.003e+05 -5.352e+05 -7.657e+05 -3.813e+05 -2.136e+05 -4.636e+05 -1.363e+05 -4.474e+04 -2.257e+05 -4.127e+04 -1.452e+05       2812 -6.327e+05      787.9  7.119e+04       4280  9.198e+04 -1.236e+05 -1.883e+05 -8.974e+04   3.32e+04 -2.053e+04 -3.721e+05 -1.555e+06 -5.066e+04 -7.757e+04 -1.063e+05 -1.119e+05 -2.191e+04 -1.482e+04  7.647e+04 -1.142e+05 -2.801e+05 -2.147e+05 -1.872e+05 -3.543e+04  5.123e+04 -1.096e+05  5.903e+04  1.098e+05 -2.254e+05 -9.424e+04 -3.975e+05 -2.178e+05       7019  3.307e+04      -1740  2.917e+04  5.477e+04  3.377e+04  1.218e+05  1.259e+05 -1.635e+05  7.662e+04  3.734e+04  7.756e+04 -2.881e+04   1.12e+05       5493  1.164e+05       5779  8.682e+04  5.474e+04  7.625e+04  -2.17e+05
 -2.698e+04       5818 -1.938e+05  4.063e+04 -2.159e+04  9.642e+04  1.319e+05  1.082e+05 -1.455e+05 -9.641e+04 -9.924e+04 -2.452e+05 -3.135e+05 -8.082e+05 -3.441e+05 -2.272e+05 -4.396e+05 -7.795e+04 -1.501e+04 -1.169e+05 -9.089e+04  2.089e+04  1.299e+04 -5.614e+04 -1.079e+05 -1.428e+05 -9.732e+05 -3.406e+06  5.528e+04 -7.267e+05 -2.375e+05 -1.684e+05 -1.372e+05 -5.906e+04       9394 -3.466e+05 -3.405e+05 -1.519e+05 -1.022e+05 -1.784e+05   -2.9e+05 -2.173e+05 -6.774e+05 -8.766e+04 -3.334e+05 -1.334e+05 -1.542e+05 -2.444e+04 -2.912e+05  2.747e+04  -1.52e+05 -8.942e+04 -1.441e+05 -9.969e+04      -2783 -1.674e+04 -4.024e+04 -8.342e+04       1296 -1.065e+05 -6.704e+04 -1.023e+05 -2.747e+05 -1.392e+05 -1.265e+05  3.085e+04 -2.783e+05 -6.842e+04 -7.076e+04 -3.665e+04 -2.949e+04  5.493e+04 -1.368e+05 -1.644e+05  -5.15e+04 -4.782e+04  2.164e+04   5.38e+04  6.658e+04  5.428e+04 -1.198e+04 -1.413e+04   6.81e+04  5.889e+04  4.742e+04  3.185e+04      -3728 -3.542e+05       1887  1.056e+05  7.868e+04   2.88e+04 -1.401e+05 -1.742e+04 -3.283e+04     -493.8  4.583e+04      1e+05 -2.805e+04  8.599e+04  6.358e+04  4.454e+04      -3777       7907 -5.172e+04
  7.223e+04  5.568e+04 -3.015e+05   1.39e+05  6.441e+04  1.136e+05 -2.344e+04  1.055e+05  4.941e+04 -6.193e+04 -3.066e+04 -1.854e+04      -9960 -3.635e+04 -1.023e+05 -1.674e+05 -2.915e+05 -1.683e+05 -2.696e+05  -1.89e+05 -1.666e+05  1.936e+04 -1.108e+05  -3.89e+05     -1e+05 -1.387e+05 -2.659e+05  5.528e+04 -2.228e+06 -3.988e+05 -2.795e+05 -1.108e+05 -9.781e+04 -3.572e+04  -9.74e+04  -2.05e+05 -1.805e+05 -2.002e+05  -6.01e+04  1.544e+04       1401 -6.084e+04 -1.314e+05 -3.224e+05 -1.959e+04 -3.401e+04       4825  1.903e+04       7649  1.406e+05 -1.208e+05 -1.527e+05      -9372  2.631e+04  6.041e+04  1.042e+05  9.132e+04 -1.091e+05       2558 -2.084e+05  5.865e+04 -1.649e+04  5.816e+04 -3.356e+04 -2.923e+04 -1.232e+04 -7.956e+04 -7.456e+04 -1.117e+04  9.189e+04  -1.74e+04   2.11e+04 -5.947e+04  3.313e+04  7.427e+04  1.774e+04  8.293e+04  1.972e+04  9.185e+04  1.019e+05 -1.047e+05   -3.2e+04      -7412  1.581e+04 -5.919e+04  4.931e+04       2177  8.311e+04  1.161e+05  1.039e+05  8.813e+04 -6.465e+04 -6.614e+04  7.146e+04      -6164  4.569e+04 -4.951e+04  5.139e+04 -3.479e+04   5.74e+04  5.465e+04  6.341e+04  5.038e+04       7655      -5084
 -7.637e+04  4.856e+04 -8.778e+04 -1.313e+05 -1.172e+06 -1.942e+05 -4.541e+05 -3.504e+05 -6.608e+05 -1.405e+06 -1.367e+06 -1.441e+06 -1.141e+06 -3.376e+06 -2.203e+06  -1.57e+06 -1.167e+06 -1.494e+05 -5.458e+05 -5.363e+04 -2.242e+05 -1.289e+05 -1.717e+05 -1.408e+06 -1.042e+05 -3.103e+05  -5.02e+05 -7.267e+05 -3.988e+05 -3.827e+07 -2.337e+06 -1.007e+06 -1.083e+05 -5.395e+05 -1.449e+05 -2.315e+06 -8.286e+05 -3.289e+05 -1.239e+05  -6.02e+05 -8.605e+05  -1.73e+06 -8.627e+05 -1.287e+06 -3.477e+05 -2.898e+05 -6.328e+05 -5.684e+05 -4.684e+05 -3.568e+06 -1.597e+06 -1.312e+06 -9.317e+05 -3.848e+05 -3.062e+05 -6.184e+05 -4.232e+05  -5.21e+05 -1.662e+05 -8.953e+05  -3.16e+05 -4.573e+05 -2.876e+05 -6.383e+05 -3.454e+05 -1.208e+06   6.66e+04 -1.346e+05  1.279e+04 -9.465e+05  3.447e+05 -2.467e+05 -2.014e+05 -7.179e+05 -1.984e+05 -1.698e+05  2.408e+04 -6.717e+05 -2.867e+05 -2.803e+05 -5.175e+04 -1.005e+05    6.3e+04 -1.423e+05 -1.395e+04  1.181e+05 -4.386e+04  7.932e+04 -4.236e+04 -3.501e+05 -2.094e+05 -8.204e+04  2.268e+05  2.074e+05  1.182e+05 -7.369e+04  6.313e+04 -1.898e+05   2.01e+04  8.344e+04   4.33e+04  5.363e+04 -3.399e+05 -1.904e+05 -3.559e+05
